174
186
1079
865
1427
844
216
205
549
177
212
202
930
356
1264
418
194
1803
766
807
175
206
1409
992
633
896
751
192
697
463
220
192
967
191
193
211
686
1317
1036
183
206
216
917
724
870
1217
913
904
174
389
1125
940
1427
452
542
833
177
196
291
191
626
155
596
274
456
1785
520
332
209
621
691
456
339
191
919
727
321
189
217
199
277
1270
569
703
213
1100
1124
1388
592
333
194
132
164
162
912
822
179
722
626
1261
638
994
934
541
1076
160
481
209
172
381
166
827
226
1308
848
165
198
321
1378
1198
804
1253
205
184
1228
165
213
208
436
776
175
1094
525
957
231
179
997
765
202
188
914
163
189
1464
1149
201
880
1483
729
872
205
698
1371
214
937
176
184
158
150
1200
128
663
172
743
816
911
175
821
944
167
761
420
664
150
129
1384
177
681
1428
1576
1290
618
846
847
694
757
194
181
184
1334
695
835
1178
207
218
1208
1132
977
338
196
199
396
390
228
442
857
862
332
705
196
211
1483
1339
190
225
1024
808
183
1419
1316
237
207
1055
649
1115
329
167
159
491
1123
1461
1179
748
629
213
1204
920
155
873
185
1359
227
773
1590
1136
195
818
993
591
1638
1948
1145
1164
194
205
200
209
201
763
887
192
766
2242
741
702
999
177
1001
182
206
1210
175
1086
1280
1219
199
196
155
152
207
1605
198
211
966
164
1136
211
705
139
180
170
182
142
172
955
1375
1415
185
1585
719
193
1325
879
701
199
181
781
1148
1858
183
901
1690
200
747
985
1672
1516
1884
200
189
200
130
1247
1061
149
814
170
163
175
188
413
858
158
519
191
155
528
195
182
607
158
200
1330
956
659
816
195
758
1555
189
1158
204
165
934
176
202
1604
1272
183
1387
172
954
183
1127
745
180
1240
176
172
208
206
665
1018
977
789
176
1101
168
1206
1457
157
1103
690
167
182
425
954
532
341
157
1120
1611
175
995
191
938
202
189
1110
705
192
456
189
1155
220
179
181
1687
202
500
165
650
230
498
216
202
199
950
1361
1956
174
356
790
208
173
710
190
198
977
1012
1104
1054
936
206
1162
710
971
655
1434
709
806
185
184
187
401
840
189
930
216
645
198
219
922
327
1423
1235
1212
962
1441
1220
894
177
1370
172
169
200
1233
187
726
718
963
303
958
175
172
182
171
164
1062
226
178
193
834
1638
715
164
189
1003
206
180
200
879
168
1013
617
1410
173
638
777
142
687
418
174
197
200
200
162
880
902
846
387
165
184
570
180
187
319
974
855
572
1258
181
862
210
196
169
1162
1302
168
665
1112
174
230
201
201
937
580
161
317
350
164
792
203
446
708
170
575
167
204
412
136
181
208
500
1460
452
186
192
1463
1118
871
189
738
154
1016
202
787
184
209
179
