244
268
239
119
118
121
475
211
724
70
229
107
203
546
69
245
316
88
212
50
67
336
637
194
256
470
126
261
125
114
76
79
167
97
74
64
85
98
273
383
302
176
159
413
137
267
680
163
94
85
111
345
112
464
95
126
79
269
113
213
174
137
205
352
189
80
71
226
453
392
90
166
163
81
115
215
697
71
421
115
113
208
170
344
145
98
268
108
107
80
165
121
140
65
68
224
643
608
311
120
257
154
359
130
166
195
267
176
128
157
389
64
81
58
62
59
60
269
380
255
148
452
277
350
139
165
342
296
189
269
367
343
81
68
82
412
332
189
446
843
63
95
181
296
437
64
83
223
156
192
158
155
390
73
78
551
200
284
306
120
362
209
142
127
362
111
224
184
61
90
73
83
483
709
246
585
124
196
140
102
322
179
130
107
538
166
83
118
114
114
203
70
138
753
300
687
334
428
579
182
171
262
262
234
79
90
142
143
263
291
66
238
428
72
378
337
325
198
431
383
217
172
499
283
79
207
90
117
68
79
67
550
645
60
449
285
268
176
500
385
521
292
69
136
69
149
278
77
95
285
1119
286
266
242
561
278
915
784
497
69
62
193
138
404
57
75
104
231
248
540
105
654
118
140
170
149
240
62
329
425
332
81
67
87
65
666
831
317
112
163
113
238
153
508
210
605
900
600
94
74
66
93
86
554
480
712
630
769
152
355
129
500
430
471
280
154
123
89
164
208
96
106
95
204
81
77
68
342
95
325
368
145
149
568
445
146
107
110
81
136
93
114
83
93
404
114
391
234
220
216
108
117
117
154
271
158
262
96
86
256
496
606
411
474
399
124
107
113
131
323
219
166
110
98
83
86
84
573
209
508
183
168
123
884
284
525
132
97
97
266
62
69
62
62
71
361
755
155
187
735
99
104
211
130
87
205
92
54
87
76
198
402
194
541
402
159
183
302
218
82
170
130
113
104
77
46
49
605
445
430
165
1007
216
429
112
117
97
136
133
174
98
114
77
85
71
300
406
274
252
103
147
327
170
190
73
138
83
76
79
361
258
771
249
212
135
140
868
85
96
145
368
131
70
60
77
54
199
337
366
296
330
765
249
90
855
329
134
80
117
318
60
68
61
84
314
209
198
733
376
175
129
103
99
80
66
62
86
232
62
67
58
256
