175
320
295
444
274
190
293
224
314
343
333
280
341
317
316
315
343
384
160
268
307
372
324
172
260
221
301
362
169
240
391
338
207
338
414
271
385
244
289
285
279
350
384
340
260
246
280
259
216
190
208
239
300
285
350
270
465
382
250
275
238
310
359
384
260
189
216
310
308
335
327
314
313
353
354
308
274
321
363
272
375
307
359
271
369
294
343
237
300
255
338
413
288
224
318
20
371
186
334
185
173
303
293
341
261
272
321
249
309
189
282
246
224
273
362
307
305
309
394
371
476
275
183
239
368
272
291
264
308
245
263
344
265
20
523
340
300
186
286
342
343
224
318
340
201
235
374
309
349
322
249
249
320
414
371
242
337
330
240
233
255
196
331
316
271
269
274
321
352
348
359
312
314
350
346
302
193
214
356
191
196
283
357
250
271
318
247
348
320
329
271
325
264
344
246
321
204
198
180
329
330
347
256
299
321
291
318
349
336
270
403
325
358
213
293
259
337
370
210
172
179
240
323
449
334
286
291
219
175
380
266
304
287
322
333
278
253
331
311
340
364
328
319
395
446
251
225
324
321
265
237
270
188
347
344
303
224
313
244
287
358
196
269
325
274
338
367
333
363
337
212
329
324
305
261
368
333
532
239
273
277
221
256
290
279
384
410
335
262
268
308
326
230
246
294
267
380
367
256
273
326
270
301
265
326
192
278
281
241
330
329
228
327
266
367
184
404
313
275
237
345
299
318
338
326
232
326
343
313
213
338
354
320
275
293
348
275
364
248
246
188
355
361
214
231
231
229
251
342
351
380
302
318
212
333
263
301
189
248
186
156
299
304
286
198
372
299
184
222
317
304
328
196
262
299
222
259
266
311
197
287
298
272
364
214
244
289
175
296
293
296
305
256
225
292
221
350
258
20
260
278
290
401
280
279
294
370
216
249
361
227
236
310
316
302
303
300
304
172
351
365
359
338
169
275
333
206
325
330
372
326
357
185
331
268
315
262
317
263
302
445
296
275
349
255
314
292
209
270
226
294
251
339
305
358
302
377
338
191
267
327
281
190
229
164
282
271
260
378
332
275
274
314
147
337
223
238
388
330
365
266
366
288
313
345
274
270
280
341
383
340
248
253
345
358
428
474
298
236
302
186
410
249
266
302
353
215
327
272
345
379
345
210
283
190
375
326
179
301
237
219
314
318
191
327
196
388
190
380
310
212
187
326
191
190
435
324
263
196
248
268
305
194
158
242
346
342
264
185
251
349
258
369
186
297
264
308
254
270
215
285
312
270
244
371
322
442
294
473
316
213
359
373
302
313
287
299
236
346
383
337
296
184
297
302
340
314
323
298
351
253
349
364
432
355
189
265
192
327
290
196
226
303
343
398
328
362
309
269
