45
72
64
87
76
40
61
43
65
70
48
67
65
50
123
52
67
82
44
60
52
79
63
51
70
43
54
62
47
59
70
38
32
71
80
62
80
46
64
86
55
61
105
80
67
59
59
62
53
38
45
51
64
79
74
78
72
92
49
40
32
44
79
85
46
36
38
72
86
66
55
60
48
65
76
46
43
51
90
76
60
81
63
70
88
56
76
55
90
72
62
92
69
62
84
5
49
42
70
49
49
53
58
67
69
61
59
45
42
35
55
64
52
70
86
56
63
47
96
77
88
63
43
46
50
58
76
63
73
56
59
82
44
5
113
80
49
32
77
63
54
58
52
58
31
55
87
99
65
52
39
55
48
73
77
52
55
85
49
46
56
40
63
59
98
63
47
55
58
54
99
40
74
62
56
54
36
47
58
31
38
76
90
55
42
60
48
67
69
52
70
74
76
76
55
72
33
38
30
94
61
72
77
80
59
71
49
56
72
70
67
66
56
47
66
41
52
79
41
44
36
46
83
67
76
51
76
65
35
86
73
63
70
60
56
66
89
65
67
56
76
65
56
87
75
53
45
65
77
57
49
70
31
68
70
60
57
61
45
58
83
39
74
61
75
64
62
92
79
55
38
56
52
64
50
70
50
130
50
41
58
37
46
51
46
72
80
54
52
60
92
53
38
49
62
45
74
67
53
50
55
70
58
55
58
43
51
52
56
50
47
37
59
79
89
38
55
50
54
62
85
60
63
81
66
39
68
102
53
42
105
66
62
80
45
90
68
77
77
37
44
57
87
36
46
40
43
54
75
70
67
52
44
34
58
56
62
38
57
42
41
59
94
53
33
69
63
32
58
50
61
68
43
48
61
48
45
94
70
42
55
76
64
93
53
41
78
28
48
67
72
59
68
60
61
52
77
67
5
64
92
64
61
76
68
73
72
37
72
57
38
50
49
49
55
67
100
49
37
68
72
61
60
33
67
63
37
63
64
85
67
70
37
86
47
47
67
56
52
61
97
67
52
42
37
49
63
53
47
60
67
39
62
63
76
70
77
70
35
80
61
44
39
38
42
73
51
44
81
76
42
71
55
34
66
41
45
80
68
78
55
75
56
63
71
66
74
84
79
90
97
59
57
68
65
58
102
59
42
53
31
86
63
92
48
69
36
69
42
52
83
79
41
55
37
84
52
39
47
51
44
52
56
40
69
51
95
29
81
65
38
33
57
32
44
62
74
57
42
45
55
53
31
48
47
49
91
77
41
67
70
59
80
30
57
79
61
68
66
53
44
50
94
41
61
59
84
56
67
46
43
75
76
50
56
47
37
39
76
74
68
46
34
45
71
54
52
51
61
58
46
54
82
65
54
40
74
51
64
79
43
39
58
76
68
80
77
58
55
