89
110
126
80
87
93
113
96
154
106
99
115
111
135
86
147
150
99
102
84
99
147
194
157
146
154
134
143
159
142
128
134
135
150
141
127
140
122
113
122
103
122
107
133
102
132
110
126
95
99
107
139
153
127
91
112
81
115
112
114
109
108
122
119
121
119
108
129
121
143
126
117
122
126
118
114
144
112
133
131
114
134
121
135
120
142
105
117
134
131
135
128
135
121
112
110
130
123
205
100
147
96
114
125
114
95
98
167
109
169
113
95
74
92
103
94
96
160
172
158
96
165
153
153
151
158
175
84
169
155
152
183
88
148
158
133
144
143
100
140
106
116
135
130
77
110
121
130
99
141
125
92
126
121
111
90
112
85
121
165
193
126
94
102
131
78
101
96
95
85
125
101
105
155
166
116
149
130
192
147
144
122
183
147
153
104
110
139
106
135
152
107
122
195
104
201
102
145
136
176
173
112
178
180
162
120
130
173
176
184
159
179
188
168
145
140
135
145
168
135
154
139
149
148
148
149
129
126
129
104
127
127
122
144
139
137
114
131
116
137
160
139
117
92
115
103
122
117
113
171
203
189
188
185
156
133
128
116
117
153
143
175
160
193
147
155
115
116
120
130
112
117
91
123
102
120
113
103
132
132
129
117
105
95
102
179
149
158
129
142
161
112
127
164
159
178
170
156
154
141
143
112
113
129
133
157
138
175
151
207
133
164
184
110
128
162
160
116
111
111
118
117
115
111
120
128
105
140
120
138
150
128
128
163
115
84
123
114
118
118
118
120
111
110
122
126
137
123
121
134
96
120
116
119
140
115
104
110
113
120
191
103
180
165
118
122
122
106
127
144
119
126
113
107
109
109
114
144
143
145
134
132
143
137
139
135
137
150
138
137
94
133
130
141
117
103
105
106
145
144
102
83
115
104
87
101
105
84
83
97
117
166
106
113
127
109
109
118
123
99
111
107
91
137
124
90
83
145
128
146
114
166
133
185
130
137
158
127
114
126
122
129
117
118
122
125
113
149
124
124
110
117
126
139
97
144
111
116
124
139
108
126
95
90
97
114
109
101
102
127
82
87
86
116
112
104
104
123
110
126
128
122
112
167
111
91
106
100
104
100
83
93
96
191
188
185
195
171
200
196
178
144
179
175
126
170
143
183
164
152
116
118
105
104
154
132
103
100
116
130
91
107
104
112
105
97
126
88
